cpu  40255242 0 15174495 1661205720 3305887 6612134 5467200 0 0
cpu0 6930249 0 2550786 269900550 565790 1119209 956674 0 0
cpu1 6928643 0 2654630 277317421 561322 1131897 956003 0 0
cpu2 6674958 0 2536631 277829605 548842 1118025 913327 0 0
cpu3 6570045 0 2473216 277926274 540521 1090885 888591 0 0
cpu4 6610847 0 2479994 278803930 545402 1079732 879398 0 0
cpu5 6540498 0 2479236 279427939 544007 1072384 873205 0 0
intr 3970145680 41 6 0 0 0 0 2 0 1 0 0 929709984 127 0 0 0 0 0 0 0 0 0 0 0 0 15343511 0 0 0 0 0 0 0 0 0 0 0 0 0 0 0 0 0 0 0 0 0 0 0 0 0 0 0 0 0 0 0 0 0 0 0 0 0 0 0 0 0 0 0 0 0 0 0 0 0 0 0 0 0 0 0 0 0 0 0 0 0 0 0 0 0 0 0 0 0 0 0 0 0 0 0 0 0 0 0 0 0 0 0 0 0 0 0 0 0 0 0 0 0 0 0 0 0 0 0 0 0 0 0 0 0 0 0 0 0 0 0 0 0 0 0 0 0 0 0 0 0 0 0 0 0 0 0 0 0 0 0 0 0 0 0 0 0 0 0 0 0 0 0 0 0 0 0 0 0 0 0 0 0 0 0 0 0 0 0 0 0 0 0 0 0 0 0 0 0 0 0 0 0 0 0 0 0 0 0 0 0 0 0 0 0 0 0 0 0 0 0 0 0 0 0 0 0 0 0 0 0 0 0 0 0 0 0 0 0 0 0 0 0 0 0 0 0 0 0 0 0 0 0 0 0 0 0 0 0 0 0 0 0 0 0 0 0 0 0 0 0 0 0 0 0 0 0 0 0 0 0 0 0 0 0 0 0 0 0 0 0 0 0 0 0 0 0 0 0 0 0 0 0 0 0 0 0 0 0 0 0 0 0 0 0 0 0 0 0 0 0 0 0 0 0 0 0 0 0 0 0 0 0 0 0 0 0 0 0 0 0 0 0 0 0 0 0 0 0 0 0 0 0 0 0 0 0 0 0 0 0 0 0 0 0 0 0 0 0 0 0 0 0 0 0 0 0 0 0 0 0 0 0 0 0 0 0 0 0 0 0 0 0 0 0 0 0 0 0 0 0 0 0 0 0 0 0 0 0 0 0 0 0 0 0 0 0 0 0 0 0 0 0 0 0 0 0 0 0 0 0 0 0 0 0 0 0 0 0 0 0 0 0 0 0 0 0 0 0 0 0 0 0 0 0 0 0 0 0 0
ctxt 6903079336
btime 1363140279
processes 2920451
procs_running 1
procs_blocked 0
softirq 5958878119 0 1388111015 581564496 1954503989 0 0 1 665229507 1065376 1368403735